327,578,35,292,20,0
327,578,55,292,20,0
327,578,75,292,20,0
327,578,95,292,20,0
327,578,115,292,20,0
327,578,135,292,20,0
327,578,155,292,20,0
327,578,175,292,20,0
327,578,195,292,20,0
327,578,215,292,20,0
327,578,235,292,20,0
327,578,255,292,20,0
327,578,275,292,20,0
327,578,295,292,20,0
327,578,315,292,0,20
327,578,315,312,0,20
327,578,315,332,0,20
327,578,315,352,0,20
327,578,315,372,0,20
327,578,315,392,0,20
327,578,315,412,0,20
327,578,315,432,0,20
327,578,315,452,0,20
327,578,315,472,0,20
327,578,315,492,0,20
327,578,315,512,0,20
327,578,315,532,0,20
327,578,315,552,0,20
335,175,315,572,20,0
335,175,335,572,0,-20
335,175,335,552,0,-20
335,175,335,532,0,-20
335,175,335,512,0,-20
335,175,335,492,0,-20
335,175,335,472,0,-20
335,175,335,452,0,-20
335,175,335,432,0,-20
335,175,335,412,0,-20
335,175,335,392,0,-20
335,175,335,372,0,-20
335,175,335,352,0,-20
335,175,335,332,0,-20
335,175,335,312,0,-20
335,175,335,292,0,-20
335,175,335,272,0,-20
335,175,335,252,0,-20
335,175,335,232,0,-20
335,175,335,212,0,-20
335,175,335,192,0,-20
456,334,335,172,-20,0
456,334,315,172,-20,0
456,334,295,172,-20,0
456,334,275,172,-20,0
456,334,255,172,-20,0
456,334,235,172,-20,0
456,334,215,172,-20,0
456,334,195,172,-20,0
456,334,175,172,-20,0
456,334,155,172,-20,0
456,334,135,172,-20,0
456,334,115,172,-20,0
456,334,95,172,-20,0
456,334,75,172,-20,0
456,334,55,172,-20,0
456,334,35,172,-20,0
456,334,15,172,-20,0
456,334,800,172,-20,0
456,334,780,172,-20,0
456,334,760,172,-20,0
456,334,740,172,-20,0
456,334,720,172,-20,0
456,334,700,172,-20,0
456,334,680,172,-20,0
456,334,660,172,-20,0
456,334,640,172,-20,0
456,334,620,172,-20,0
456,334,600,172,-20,0
456,334,580,172,-20,0
456,334,560,172,-20,0
456,334,540,172,-20,0
456,334,520,172,-20,0
456,334,500,172,-20,0
456,334,480,172,-20,0
456,334,460,172,0,20
456,334,460,192,0,20
456,334,460,212,0,20
456,334,460,232,0,20
456,334,460,252,0,20
456,334,460,272,0,20
456,334,460,292,0,20
456,334,460,312,0,20
618,289,460,332,-20,0
618,289,440,332,-20,0
618,289,420,332,-20,0
618,289,400,332,-20,0
618,289,380,332,-20,0
618,289,360,332,-20,0
618,289,340,332,-20,0
618,289,320,332,-20,0
618,289,300,332,-20,0
618,289,280,332,-20,0
618,289,260,332,-20,0
618,289,240,332,-20,0
618,289,220,332,-20,0
618,289,200,332,-20,0
618,289,180,332,-20,0
618,289,160,332,-20,0
618,289,140,332,-20,0
618,289,120,332,-20,0
618,289,100,332,-20,0
618,289,80,332,-20,0
618,289,60,332,-20,0
618,289,40,332,-20,0
618,289,20,332,-20,0
618,289,0,332,-20,0
618,289,800,332,-20,0
618,289,780,332,-20,0
618,289,760,332,-20,0
618,289,740,332,-20,0
618,289,720,332,-20,0
618,289,700,332,-20,0
618,289,680,332,-20,0
618,289,660,332,-20,0
618,289,640,332,-20,0
618,289,620,332,0,-20
618,289,620,312,0,-20
111,347,620,292,-20,0
111,347,600,292,-20,0
111,347,580,292,-20,0
111,347,560,292,-20,0
111,347,540,292,-20,0
111,347,520,292,-20,0
111,347,500,292,-20,0
111,347,480,292,-20,0
111,347,460,292,-20,0
111,347,440,292,-20,0
111,347,420,292,-20,0
111,347,400,292,-20,0
111,347,380,292,-20,0
111,347,360,292,-20,0
111,347,340,292,-20,0
111,347,320,292,-20,0
111,347,300,292,-20,0
111,347,280,292,-20,0
111,347,260,292,-20,0
111,347,240,292,-20,0
111,347,220,292,-20,0
111,347,200,292,-20,0
111,347,180,292,-20,0
111,347,160,292,-20,0
111,347,140,292,-20,0
111,347,120,292,0,20
111,347,120,312,0,20
111,347,120,332,-20,0
111,347,100,332,0,20
562,12,100,352,20,0
562,12,120,352,20,0
562,12,140,352,20,0
562,12,160,352,20,0
562,12,180,352,20,0
562,12,200,352,20,0
562,12,220,352,20,0
562,12,240,352,20,0
562,12,260,352,20,0
562,12,280,352,20,0
562,12,300,352,20,0
562,12,320,352,20,0
562,12,340,352,20,0
562,12,360,352,20,0
562,12,380,352,20,0
562,12,400,352,20,0
562,12,420,352,20,0
562,12,440,352,20,0
562,12,460,352,20,0
562,12,480,352,20,0
562,12,500,352,20,0
562,12,520,352,20,0
562,12,540,352,20,0
562,12,560,352,0,-20
562,12,560,332,0,-20
562,12,560,312,0,-20
562,12,560,292,0,-20
562,12,560,272,0,-20
562,12,560,252,0,-20
562,12,560,232,0,-20
562,12,560,212,0,-20
562,12,560,192,0,-20
562,12,560,172,0,-20
562,12,560,152,0,-20
562,12,560,132,0,-20
562,12,560,112,0,-20
562,12,560,92,0,-20
562,12,560,72,0,-20
562,12,560,52,0,-20
562,12,560,32,0,-20
152,507,560,12,20,0
152,507,580,12,20,0
152,507,600,12,20,0
152,507,620,12,20,0
152,507,640,12,20,0
152,507,660,12,20,0
152,507,680,12,20,0
152,507,700,12,20,0
152,507,720,12,20,0
152,507,740,12,20,0
152,507,760,12,20,0
152,507,780,12,20,0
152,507,800,12,20,0
152,507,0,12,20,0
152,507,20,12,20,0
152,507,40,12,20,0
152,507,60,12,20,0
152,507,80,12,20,0
152,507,100,12,20,0
152,507,120,12,20,0
152,507,140,12,0,20
152,507,140,32,0,20
152,507,140,52,0,20
152,507,140,72,0,20
152,507,140,92,0,20
152,507,140,112,0,20
152,507,140,132,0,20
152,507,140,152,0,20
152,507,140,172,0,20
152,507,140,192,0,20
152,507,140,212,0,20
152,507,140,232,0,20
152,507,140,252,0,20
152,507,140,272,0,20
152,507,140,292,0,20
152,507,140,312,0,20
152,507,140,332,0,20
152,507,140,352,0,20
152,507,140,372,0,20
152,507,140,392,0,20
152,507,140,412,0,20
152,507,140,432,0,20
152,507,140,452,0,20
152,507,140,472,0,20
152,507,140,492,20,0
152,507,160,492,0,20
42,549,160,512,-20,0
42,549,140,512,-20,0
42,549,120,512,-20,0
42,549,100,512,-20,0
42,549,80,512,-20,0
42,549,60,512,-20,0
42,549,40,512,0,20
42,549,40,532,0,20
25,66,40,552,20,0
25,66,60,552,20,0
25,66,80,552,20,0
25,66,100,552,20,0
25,66,120,552,20,0
25,66,140,552,20,0
25,66,160,552,20,0
25,66,180,552,20,0
25,66,200,552,20,0
25,66,220,552,20,0
25,66,240,552,20,0
25,66,260,552,20,0
25,66,280,552,20,0
25,66,300,552,20,0
25,66,320,552,20,0
25,66,340,552,20,0
25,66,360,552,20,0
25,66,380,552,20,0
25,66,400,552,20,0
25,66,420,552,20,0
25,66,440,552,20,0
25,66,460,552,20,0
25,66,480,552,20,0
25,66,500,552,20,0
25,66,520,552,20,0
25,66,540,552,20,0
25,66,560,552,20,0
25,66,580,552,20,0
25,66,600,552,20,0
25,66,620,552,20,0
25,66,640,552,20,0
25,66,660,552,20,0
25,66,680,552,20,0
25,66,700,552,20,0
25,66,720,552,20,0
25,66,740,552,20,0
25,66,760,552,20,0
25,66,780,552,20,0
25,66,800,552,20,0
25,66,0,552,20,0
25,66,20,552,0,-20
25,66,20,532,0,-20
25,66,20,512,0,-20
25,66,20,492,0,-20
25,66,20,472,0,-20
25,66,20,452,0,-20
25,66,20,432,0,-20
25,66,20,412,0,-20
25,66,20,392,0,-20
25,66,20,372,0,-20
25,66,20,352,0,-20
25,66,20,332,0,-20
25,66,20,312,0,-20
25,66,20,292,0,-20
25,66,20,272,0,-20
25,66,20,252,0,-20
25,66,20,232,0,-20
25,66,20,212,0,-20
25,66,20,192,0,-20
25,66,20,172,0,-20
25,66,20,152,0,-20
25,66,20,132,0,-20
25,66,20,112,0,-20
25,66,20,92,0,-20
366,60,20,72,20,0
366,60,40,72,20,0
366,60,60,72,20,0
366,60,80,72,20,0
366,60,100,72,20,0
366,60,120,72,20,0
366,60,140,72,20,0
366,60,160,72,20,0
366,60,180,72,20,0
366,60,200,72,20,0
366,60,220,72,20,0
366,60,240,72,20,0
366,60,260,72,20,0
366,60,280,72,20,0
366,60,300,72,20,0
366,60,320,72,20,0
366,60,340,72,20,0
390,160,360,72,0,-20
390,160,360,52,0,-20
390,160,360,32,0,-20
390,160,360,12,0,-20
390,160,360,600,0,-20
390,160,360,580,0,-20
390,160,360,560,0,-20
390,160,360,540,0,-20
390,160,360,520,0,-20
390,160,360,500,0,-20
390,160,360,480,0,-20
390,160,360,460,0,-20
390,160,360,440,0,-20
390,160,360,420,0,-20
390,160,360,400,0,-20
390,160,360,380,0,-20
390,160,360,360,0,-20
390,160,360,340,0,-20
390,160,360,320,0,-20
390,160,360,300,0,-20
390,160,360,280,0,-20
390,160,360,260,0,-20
390,160,360,240,0,-20
390,160,360,220,0,-20
390,160,360,200,0,-20
390,160,360,180,0,-20
390,160,360,160,20,0
1,58,380,160,0,-20
1,58,380,140,0,-20
1,58,380,120,0,-20
1,58,380,100,0,-20
1,58,380,80,0,-20
1,58,380,60,-20,0
1,58,360,60,-20,0
1,58,340,60,-20,0
1,58,320,60,-20,0
1,58,300,60,-20,0
1,58,280,60,-20,0
1,58,260,60,-20,0
1,58,240,60,-20,0
1,58,220,60,-20,0
1,58,200,60,-20,0
1,58,180,60,-20,0
1,58,160,60,-20,0
1,58,140,60,-20,0
1,58,120,60,-20,0
1,58,100,60,-20,0
1,58,80,60,-20,0
1,58,60,60,-20,0
1,58,40,60,-20,0
1,58,20,60,-20,0
372,515,0,60,0,-20
372,515,0,40,0,-20
372,515,0,20,0,-20
372,515,0,0,0,-20
372,515,0,600,0,-20
372,515,0,580,0,-20
372,515,0,560,0,-20
372,515,0,540,0,-20
372,515,0,520,20,0
372,515,20,520,20,0
372,515,40,520,20,0
372,515,60,520,20,0
372,515,80,520,20,0
372,515,100,520,20,0
372,515,120,520,20,0
372,515,140,520,20,0
372,515,160,520,20,0
372,515,180,520,20,0
372,515,200,520,20,0
372,515,220,520,20,0
372,515,240,520,20,0
372,515,260,520,20,0
372,515,280,520,20,0
372,515,300,520,20,0
372,515,320,520,20,0
372,515,340,520,20,0
463,347,360,520,0,-20
463,347,360,500,0,-20
463,347,360,480,0,-20
463,347,360,460,0,-20
463,347,360,440,0,-20
463,347,360,420,0,-20
463,347,360,400,0,-20
463,347,360,380,0,-20
463,347,360,360,20,0
463,347,380,360,20,0
463,347,400,360,20,0
463,347,420,360,20,0
463,347,440,360,20,0
707,196,460,360,0,-20
707,196,460,340,0,-20
707,196,460,320,0,-20
707,196,460,300,0,-20
707,196,460,280,0,-20
707,196,460,260,0,-20
707,196,460,240,0,-20
707,196,460,220,0,-20
707,196,460,200,20,0
707,196,480,200,20,0
707,196,500,200,20,0
707,196,520,200,20,0
707,196,540,200,20,0
707,196,560,200,20,0
707,196,580,200,20,0
707,196,600,200,20,0
707,196,620,200,20,0
707,196,640,200,20,0
707,196,660,200,20,0
707,196,680,200,20,0
607,548,700,200,0,-20
607,548,700,180,0,-20
607,548,700,160,0,-20
607,548,700,140,0,-20
607,548,700,120,0,-20
607,548,700,100,0,-20
607,548,700,80,0,-20
607,548,700,60,0,-20
607,548,700,40,0,-20
607,548,700,20,0,-20
607,548,700,0,0,-20
607,548,700,600,0,-20
607,548,700,580,0,-20
607,548,700,560,-20,0
607,548,680,560,-20,0
607,548,660,560,-20,0
607,548,640,560,-20,0
607,548,620,560,0,-20
607,548,620,540,-20,0
127,230,600,540,0,20
127,230,600,560,0,20
127,230,600,580,0,20
127,230,600,600,0,20
127,230,600,620,0,20
127,230,600,640,0,20
127,230,600,660,0,20
127,230,600,680,0,20
127,230,600,700,0,20
127,230,600,720,0,20
127,230,600,740,0,20
127,230,600,760,0,20
127,230,600,780,0,20
127,230,600,800,0,20
127,230,600,0,0,20
127,230,600,20,0,20
127,230,600,40,0,20
127,230,600,60,0,20
127,230,600,80,0,20
127,230,600,100,0,20
127,230,600,120,0,20
127,230,600,140,0,20
127,230,600,160,0,20
127,230,600,180,0,20
127,230,600,200,0,20
127,230,600,220,-20,0
127,230,580,220,-20,0
127,230,560,220,-20,0
127,230,540,220,-20,0
127,230,520,220,-20,0
127,230,500,220,-20,0
127,230,480,220,-20,0
127,230,460,220,-20,0
127,230,440,220,-20,0
127,230,420,220,-20,0
127,230,400,220,-20,0
127,230,380,220,-20,0
127,230,360,220,-20,0
127,230,340,220,-20,0
127,230,320,220,-20,0
127,230,300,220,-20,0
127,230,280,220,-20,0
127,230,260,220,-20,0
127,230,240,220,-20,0
127,230,220,220,-20,0
127,230,200,220,-20,0
127,230,180,220,-20,0
127,230,160,220,-20,0
127,230,140,220,0,20
127,230,140,240,-20,0
555,296,120,240,0,-20
555,296,120,220,0,-20
555,296,120,200,0,-20
555,296,120,180,0,-20
555,296,120,160,0,-20
555,296,120,140,0,-20
555,296,120,120,0,-20
555,296,120,100,0,-20
555,296,120,80,0,-20
555,296,120,60,0,-20
555,296,120,40,0,-20
555,296,120,20,0,-20
555,296,120,0,0,-20
555,296,120,600,0,-20
555,296,120,580,0,-20
555,296,120,560,0,-20
555,296,120,540,0,-20
555,296,120,520,0,-20
555,296,120,500,0,-20
555,296,120,480,0,-20
555,296,120,460,0,-20
555,296,120,440,0,-20
555,296,120,420,0,-20
555,296,120,400,0,-20
555,296,120,380,0,-20
555,296,120,360,0,-20
555,296,120,340,0,-20
555,296,120,320,0,-20
555,296,120,300,20,0
555,296,140,300,20,0
555,296,160,300,20,0
555,296,180,300,20,0
555,296,200,300,20,0
555,296,220,300,20,0
555,296,240,300,20,0
555,296,260,300,20,0
555,296,280,300,20,0
555,296,300,300,20,0
555,296,320,300,20,0
555,296,340,300,20,0
555,296,360,300,20,0
555,296,380,300,20,0
555,296,400,300,20,0
555,296,420,300,20,0
555,296,440,300,20,0
555,296,460,300,20,0
555,296,480,300,20,0
555,296,500,300,20,0
555,296,520,300,20,0
555,296,540,300,0,-20
555,296,540,280,0,-20
555,296,540,260,0,-20
555,296,540,240,0,-20
555,296,540,220,0,-20
555,296,540,200,0,-20
555,296,540,180,0,-20
555,296,540,160,0,-20
555,296,540,140,0,-20
555,296,540,120,0,-20
555,296,540,100,0,-20
555,296,540,80,0,-20
555,296,540,60,0,-20
555,296,540,40,0,-20
555,296,540,20,0,-20
555,296,540,0,0,-20
555,296,540,600,0,-20
555,296,540,580,0,-20
555,296,540,560,0,-20
555,296,540,540,0,-20
555,296,540,520,0,-20
555,296,540,500,0,-20
555,296,540,480,0,-20
555,296,540,460,0,-20
555,296,540,440,0,-20
555,296,540,420,0,-20
555,296,540,400,0,-20
555,296,540,380,0,-20
555,296,540,360,0,-20
555,296,540,340,0,-20
555,296,540,320,0,-20
555,296,540,300,20,0
743,61,560,300,0,-20
743,61,560,280,0,-20
743,61,560,260,0,-20
743,61,560,240,0,-20
743,61,560,220,0,-20
743,61,560,200,0,-20
743,61,560,180,0,-20
743,61,560,160,0,-20
743,61,560,140,0,-20
743,61,560,120,0,-20
743,61,560,100,0,-20
743,61,560,80,0,-20
743,61,560,60,20,0
743,61,580,60,20,0
743,61,600,60,20,0
743,61,620,60,20,0
743,61,640,60,20,0
743,61,660,60,20,0
743,61,680,60,20,0
743,61,700,60,20,0
743,61,720,60,20,0
283,123,740,60,0,20
283,123,740,80,0,20
283,123,740,100,0,20
283,123,740,120,-20,0
283,123,720,120,-20,0
283,123,700,120,-20,0
283,123,680,120,-20,0
283,123,660,120,-20,0
283,123,640,120,-20,0
283,123,620,120,-20,0
283,123,600,120,-20,0
283,123,580,120,-20,0
283,123,560,120,-20,0
283,123,540,120,-20,0
283,123,520,120,-20,0
283,123,500,120,-20,0
283,123,480,120,-20,0
283,123,460,120,-20,0
283,123,440,120,-20,0
283,123,420,120,-20,0
283,123,400,120,-20,0
283,123,380,120,-20,0
283,123,360,120,-20,0
283,123,340,120,-20,0
283,123,320,120,-20,0
283,123,300,120,-20,0
68,8,280,120,0,20
68,8,280,140,0,20
68,8,280,160,0,20
68,8,280,180,0,20
68,8,280,200,0,20
68,8,280,220,0,20
68,8,280,240,0,20
68,8,280,260,0,20
68,8,280,280,0,20
68,8,280,300,0,20
68,8,280,320,0,20
68,8,280,340,0,20
68,8,280,360,0,20
68,8,280,380,0,20
68,8,280,400,0,20
68,8,280,420,0,20
68,8,280,440,0,20
68,8,280,460,0,20
68,8,280,480,0,20
68,8,280,500,0,20
68,8,280,520,0,20
68,8,280,540,0,20
68,8,280,560,0,20
68,8,280,580,0,20
68,8,280,600,0,20
68,8,280,620,0,20
68,8,280,640,0,20
68,8,280,660,0,20
68,8,280,680,0,20
68,8,280,700,0,20
68,8,280,720,0,20
68,8,280,740,0,20
68,8,280,760,0,20
68,8,280,780,0,20
68,8,280,800,0,20
68,8,280,0,0,20
68,8,280,20,-20,0
68,8,260,20,-20,0
68,8,240,20,-20,0
68,8,220,20,-20,0
68,8,200,20,-20,0
68,8,180,20,-20,0
68,8,160,20,-20,0
68,8,140,20,-20,0
68,8,120,20,-20,0
68,8,100,20,-20,0
68,8,80,20,0,-20
268,461,80,0,-20,0
268,461,60,0,-20,0
268,461,40,0,-20,0
268,461,20,0,-20,0
268,461,0,0,-20,0
268,461,800,0,-20,0
268,461,780,0,-20,0
268,461,760,0,-20,0
268,461,740,0,-20,0
268,461,720,0,-20,0
268,461,700,0,-20,0
268,461,680,0,-20,0
268,461,660,0,-20,0
268,461,640,0,-20,0
268,461,620,0,-20,0
268,461,600,0,-20,0
268,461,580,0,-20,0
268,461,560,0,-20,0
268,461,540,0,-20,0
268,461,520,0,-20,0
268,461,500,0,-20,0
268,461,480,0,-20,0
268,461,460,0,-20,0
268,461,440,0,-20,0
268,461,420,0,-20,0
268,461,400,0,-20,0
268,461,380,0,-20,0
268,461,360,0,-20,0
268,461,340,0,-20,0
268,461,320,0,-20,0
268,461,300,0,-20,0
268,461,280,0,0,20
268,461,280,20,0,20
268,461,280,40,0,20
268,461,280,60,0,20
268,461,280,80,0,20
268,461,280,100,0,20
268,461,280,120,0,20
268,461,280,140,0,20
268,461,280,160,0,20
268,461,280,180,0,20
268,461,280,200,0,20
268,461,280,220,0,20
268,461,280,240,0,20
268,461,280,260,0,20
268,461,280,280,0,20
268,461,280,300,0,20
268,461,280,320,0,20
268,461,280,340,0,20
268,461,280,360,0,20
268,461,280,380,0,20
268,461,280,400,0,20
268,461,280,420,0,20
268,461,280,440,0,20
47,254,280,460,-20,0
47,254,260,460,-20,0
47,254,240,460,-20,0
47,254,220,460,-20,0
47,254,200,460,-20,0
47,254,180,460,-20,0
47,254,160,460,-20,0
47,254,140,460,-20,0
47,254,120,460,-20,0
47,254,100,460,-20,0
47,254,80,460,-20,0
47,254,60,460,0,-20
47,254,60,440,0,-20
47,254,60,420,0,-20
47,254,60,400,0,-20
47,254,60,380,0,-20
47,254,60,360,0,-20
47,254,60,340,0,-20
47,254,60,320,0,-20
47,254,60,300,0,-20
47,254,60,280,0,-20
520,566,60,260,-20,0
520,566,40,260,-20,0
520,566,20,260,-20,0
520,566,0,260,-20,0
520,566,800,260,-20,0
520,566,780,260,-20,0
520,566,760,260,-20,0
520,566,740,260,-20,0
520,566,720,260,-20,0
520,566,700,260,-20,0
520,566,680,260,-20,0
520,566,660,260,-20,0
520,566,640,260,-20,0
520,566,620,260,-20,0
520,566,600,260,-20,0
520,566,580,260,-20,0
520,566,560,260,-20,0
520,566,540,260,-20,0
520,566,520,260,0,20
520,566,520,280,0,20
520,566,520,300,0,20
520,566,520,320,0,20
520,566,520,340,0,20
520,566,520,360,0,20
520,566,520,380,0,20
520,566,520,400,0,20
520,566,520,420,0,20
520,566,520,440,0,20
520,566,520,460,0,20
520,566,520,480,0,20
520,566,520,500,0,20
520,566,520,520,0,20
520,566,520,540,0,20
568,24,520,560,-20,0
568,24,500,560,-20,0
568,24,480,560,-20,0
568,24,460,560,-20,0
568,24,440,560,-20,0
568,24,420,560,-20,0
568,24,400,560,-20,0
568,24,380,560,-20,0
568,24,360,560,-20,0
568,24,340,560,-20,0
568,24,320,560,-20,0
568,24,300,560,-20,0
568,24,280,560,-20,0
568,24,260,560,-20,0
568,24,240,560,-20,0
568,24,220,560,-20,0
568,24,200,560,-20,0
568,24,180,560,-20,0
568,24,160,560,-20,0
568,24,140,560,-20,0
568,24,120,560,-20,0
568,24,100,560,-20,0
568,24,80,560,-20,0
568,24,60,560,-20,0
568,24,40,560,-20,0
568,24,20,560,-20,0
568,24,0,560,-20,0
568,24,800,560,-20,0
568,24,780,560,-20,0
568,24,760,560,-20,0
568,24,740,560,-20,0
568,24,720,560,-20,0
568,24,700,560,-20,0
568,24,680,560,-20,0
568,24,660,560,-20,0
568,24,640,560,-20,0
568,24,620,560,-20,0
568,24,600,560,-20,0
568,24,580,560,0,-20
568,24,580,540,0,-20
568,24,580,520,0,-20
568,24,580,500,0,-20
568,24,580,480,0,-20
568,24,580,460,0,-20
568,24,580,440,0,-20
568,24,580,420,0,-20
568,24,580,400,0,-20
568,24,580,380,0,-20
568,24,580,360,0,-20
568,24,580,340,0,-20
568,24,580,320,0,-20
568,24,580,300,0,-20
568,24,580,280,0,-20
568,24,580,260,0,-20
568,24,580,240,0,-20
568,24,580,220,0,-20
568,24,580,200,0,-20
568,24,580,180,0,-20
568,24,580,160,0,-20
568,24,580,140,0,-20
568,24,580,120,0,-20
568,24,580,100,0,-20
568,24,580,80,0,-20
568,24,580,60,0,-20
568,24,580,40,0,-20
59,294,580,20,-20,0
59,294,560,20,-20,0
59,294,540,20,-20,0
59,294,520,20,-20,0
59,294,500,20,-20,0
59,294,480,20,-20,0
59,294,460,20,-20,0
59,294,440,20,-20,0
59,294,420,20,-20,0
59,294,400,20,-20,0
59,294,380,20,-20,0
59,294,360,20,-20,0
59,294,340,20,-20,0
59,294,320,20,-20,0
59,294,300,20,-20,0
59,294,280,20,-20,0
59,294,260,20,-20,0
59,294,240,20,-20,0
59,294,220,20,-20,0
59,294,200,20,-20,0
59,294,180,20,-20,0
59,294,160,20,-20,0
59,294,140,20,-20,0
59,294,120,20,-20,0
59,294,100,20,-20,0
59,294,80,20,-20,0
59,294,60,20,0,20
59,294,60,40,0,20
59,294,60,60,0,20
59,294,60,80,0,20
59,294,60,100,0,20
59,294,60,120,0,20
59,294,60,140,0,20
59,294,60,160,0,20
59,294,60,180,0,20
59,294,60,200,0,20
59,294,60,220,0,20
59,294,60,240,0,20
59,294,60,260,0,20
219,208,60,280,-20,0
219,208,40,280,-20,0
219,208,20,280,-20,0
219,208,0,280,-20,0
219,208,800,280,-20,0
219,208,780,280,-20,0
219,208,760,280,-20,0
219,208,740,280,-20,0
219,208,720,280,-20,0
219,208,700,280,-20,0
219,208,680,280,-20,0
219,208,660,280,-20,0
219,208,640,280,-20,0
219,208,620,280,-20,0
219,208,600,280,-20,0
219,208,580,280,-20,0
219,208,560,280,-20,0
219,208,540,280,-20,0
219,208,520,280,-20,0
219,208,500,280,-20,0
219,208,480,280,-20,0
219,208,460,280,-20,0
219,208,440,280,-20,0
219,208,420,280,-20,0
219,208,400,280,-20,0
219,208,380,280,-20,0
219,208,360,280,-20,0
219,208,340,280,-20,0
219,208,320,280,-20,0
219,208,300,280,-20,0
219,208,280,280,-20,0
219,208,260,280,-20,0
219,208,240,280,-20,0
219,208,220,280,0,-20
219,208,220,260,0,-20
219,208,220,240,0,-20
694,83,220,220,-20,0
694,83,200,220,-20,0
694,83,180,220,-20,0
694,83,160,220,-20,0
694,83,140,220,-20,0
694,83,120,220,-20,0
694,83,100,220,-20,0
694,83,80,220,-20,0
694,83,60,220,-20,0
694,83,40,220,-20,0
694,83,20,220,-20,0
694,83,0,220,-20,0
694,83,800,220,-20,0
694,83,780,220,-20,0
694,83,760,220,-20,0
694,83,740,220,-20,0
694,83,720,220,-20,0
694,83,700,220,0,-20
694,83,700,200,0,-20
694,83,700,180,0,-20
694,83,700,160,0,-20
694,83,700,140,0,-20
694,83,700,120,0,-20
694,83,700,100,0,-20
29,264,700,80,-20,0
29,264,680,80,-20,0
29,264,660,80,-20,0
29,264,640,80,-20,0
29,264,620,80,-20,0
29,264,600,80,-20,0
29,264,580,80,-20,0
29,264,560,80,-20,0
29,264,540,80,-20,0
29,264,520,80,-20,0
29,264,500,80,-20,0
29,264,480,80,-20,0
29,264,460,80,-20,0
29,264,440,80,-20,0
29,264,420,80,-20,0
29,264,400,80,-20,0
29,264,380,80,-20,0
29,264,360,80,-20,0
29,264,340,80,-20,0
29,264,320,80,-20,0
29,264,300,80,-20,0
29,264,280,80,-20,0
29,264,260,80,-20,0
29,264,240,80,-20,0
29,264,220,80,-20,0
29,264,200,80,-20,0
29,264,180,80,-20,0
29,264,160,80,-20,0
29,264,140,80,-20,0
29,264,120,80,-20,0
29,264,100,80,-20,0
29,264,80,80,-20,0
29,264,60,80,-20,0
29,264,40,80,0,20
29,264,40,100,0,20
29,264,40,120,0,20
29,264,40,140,0,20
29,264,40,160,0,20
29,264,40,180,0,20
29,264,40,200,0,20
29,264,40,220,0,20
29,264,40,240,0,20
423,429,40,260,-20,0
423,429,20,260,-20,0
423,429,0,260,-20,0
423,429,800,260,-20,0
423,429,780,260,-20,0
423,429,760,260,-20,0
423,429,740,260,-20,0
423,429,720,260,-20,0
423,429,700,260,-20,0
423,429,680,260,-20,0
423,429,660,260,-20,0
423,429,640,260,-20,0
423,429,620,260,-20,0
423,429,600,260,-20,0
423,429,580,260,-20,0
423,429,560,260,-20,0
423,429,540,260,-20,0
423,429,520,260,-20,0
423,429,500,260,-20,0
423,429,480,260,-20,0
423,429,460,260,-20,0
423,429,440,260,-20,0
423,429,420,260,0,20
423,429,420,280,0,20
423,429,420,300,0,20
423,429,420,320,0,20
423,429,420,340,0,20
423,429,420,360,0,20
423,429,420,380,0,20
423,429,420,400,0,20
126,574,420,420,20,0
126,574,440,420,20,0
126,574,460,420,20,0
126,574,480,420,20,0
126,574,500,420,20,0
126,574,520,420,20,0
126,574,540,420,20,0
126,574,560,420,20,0
126,574,580,420,20,0
126,574,600,420,20,0
126,574,620,420,20,0
126,574,640,420,20,0
126,574,660,420,20,0
126,574,680,420,20,0
126,574,700,420,20,0
126,574,720,420,20,0
126,574,740,420,20,0
126,574,760,420,20,0
126,574,780,420,20,0
126,574,800,420,20,0
126,574,0,420,20,0
126,574,20,420,20,0
126,574,40,420,20,0
126,574,60,420,20,0
126,574,80,420,20,0
126,574,100,420,20,0
126,574,120,420,0,20
126,574,120,440,0,20
126,574,120,460,0,20
126,574,120,480,0,20
126,574,120,500,0,20
126,574,120,520,0,20
126,574,120,540,0,20
126,574,120,560,20,0
126,574,140,560,0,20
126,574,140,580,-20,0
541,576,120,580,0,-20
541,576,120,560,0,-20
541,576,120,540,0,-20
541,576,120,520,0,-20
541,576,120,500,0,-20
541,576,120,480,0,-20
541,576,120,460,0,-20
541,576,120,440,0,-20
541,576,120,420,0,-20
541,576,120,400,0,-20
541,576,120,380,0,-20
541,576,120,360,0,-20
541,576,120,340,0,-20
541,576,120,320,0,-20
541,576,120,300,0,-20
541,576,120,280,0,-20
541,576,120,260,0,-20
541,576,120,240,0,-20
541,576,120,220,0,-20
541,576,120,200,0,-20
541,576,120,180,0,-20
541,576,120,160,0,-20
541,576,120,140,0,-20
541,576,120,120,0,-20
541,576,120,100,0,-20
541,576,120,80,0,-20
541,576,120,60,0,-20
541,576,120,40,0,-20
541,576,120,20,0,-20
541,576,120,0,0,-20
541,576,120,600,0,-20
541,576,120,580,20,0
541,576,140,580,20,0
541,576,160,580,20,0
541,576,180,580,20,0
541,576,200,580,20,0
541,576,220,580,20,0
541,576,240,580,20,0
541,576,260,580,20,0
541,576,280,580,20,0
541,576,300,580,20,0
541,576,320,580,20,0
541,576,340,580,20,0
541,576,360,580,20,0
541,576,380,580,20,0
541,576,400,580,20,0
541,576,420,580,20,0
541,576,440,580,20,0
541,576,460,580,20,0
541,576,480,580,20,0
541,576,500,580,20,0
541,576,520,580,20,0
558,463,540,580,0,-20
558,463,540,560,0,-20
558,463,540,540,0,-20
558,463,540,520,0,-20
558,463,540,500,0,-20
558,463,540,480,0,-20
558,463,540,460,20,0
655,580,560,460,0,20
655,580,560,480,0,20
655,580,560,500,0,20
655,580,560,520,0,20
655,580,560,540,0,20
655,580,560,560,0,20
655,580,560,580,20,0
655,580,580,580,20,0
655,580,600,580,20,0
655,580,620,580,20,0
181,353,640,580,0,-20
181,353,640,560,0,-20
181,353,640,540,0,-20
181,353,640,520,0,-20
181,353,640,500,0,-20
181,353,640,480,0,-20
181,353,640,460,0,-20
181,353,640,440,0,-20
181,353,640,420,0,-20
181,353,640,400,0,-20
181,353,640,380,0,-20
181,353,640,360,-20,0
181,353,620,360,-20,0
181,353,600,360,-20,0
181,353,580,360,-20,0
181,353,560,360,-20,0
181,353,540,360,-20,0
181,353,520,360,-20,0
181,353,500,360,-20,0
181,353,480,360,-20,0
181,353,460,360,-20,0
181,353,440,360,-20,0
181,353,420,360,-20,0
181,353,400,360,-20,0
181,353,380,360,-20,0
181,353,360,360,-20,0
181,353,340,360,-20,0
181,353,320,360,-20,0
181,353,300,360,-20,0
181,353,280,360,-20,0
181,353,260,360,-20,0
181,353,240,360,-20,0
181,353,220,360,-20,0
181,353,200,360,-20,0
299,5,180,360,0,-20
299,5,180,340,0,-20
299,5,180,320,0,-20
299,5,180,300,0,-20
299,5,180,280,0,-20
299,5,180,260,0,-20
299,5,180,240,0,-20
299,5,180,220,0,-20
299,5,180,200,0,-20
299,5,180,180,0,-20
299,5,180,160,0,-20
299,5,180,140,0,-20
299,5,180,120,0,-20
299,5,180,100,0,-20
299,5,180,80,0,-20
299,5,180,60,0,-20
299,5,180,40,0,-20
299,5,180,20,20,0
299,5,200,20,20,0
299,5,220,20,20,0
299,5,240,20,20,0
299,5,260,20,20,0
299,5,280,20,20,0
299,5,300,20,0,-20
196,276,300,0,-20,0
196,276,280,0,-20,0
196,276,260,0,-20,0
196,276,240,0,-20,0
196,276,220,0,-20,0
196,276,200,0,0,20
196,276,200,20,0,20
196,276,200,40,0,20
196,276,200,60,0,20
196,276,200,80,0,20
196,276,200,100,0,20
196,276,200,120,0,20
196,276,200,140,0,20
196,276,200,160,0,20
196,276,200,180,0,20
196,276,200,200,0,20
196,276,200,220,0,20
196,276,200,240,0,20
196,276,200,260,0,20
455,372,200,280,-20,0
455,372,180,280,-20,0
455,372,160,280,-20,0
455,372,140,280,-20,0
455,372,120,280,-20,0
455,372,100,280,-20,0
455,372,80,280,-20,0
455,372,60,280,-20,0
455,372,40,280,-20,0
455,372,20,280,-20,0
455,372,0,280,-20,0
455,372,800,280,-20,0
455,372,780,280,-20,0
455,372,760,280,-20,0
455,372,740,280,-20,0
455,372,720,280,-20,0
455,372,700,280,-20,0
455,372,680,280,-20,0
455,372,660,280,-20,0
455,372,640,280,-20,0
455,372,620,280,-20,0
455,372,600,280,-20,0
455,372,580,280,-20,0
455,372,560,280,-20,0
455,372,540,280,-20,0
455,372,520,280,-20,0
455,372,500,280,-20,0
455,372,480,280,-20,0
455,372,460,280,0,20
455,372,460,300,0,20
455,372,460,320,0,20
455,372,460,340,0,20
713,145,460,360,-20,0
713,145,440,360,-20,0
713,145,420,360,-20,0
713,145,400,360,-20,0
713,145,380,360,-20,0
713,145,360,360,-20,0
713,145,340,360,-20,0
713,145,320,360,-20,0
713,145,300,360,-20,0
713,145,280,360,-20,0
713,145,260,360,-20,0
713,145,240,360,-20,0
713,145,220,360,-20,0
713,145,200,360,-20,0
713,145,180,360,-20,0
713,145,160,360,-20,0
713,145,140,360,-20,0
713,145,120,360,-20,0
713,145,100,360,-20,0
713,145,80,360,-20,0
713,145,60,360,-20,0
713,145,40,360,-20,0
713,145,20,360,-20,0
713,145,0,360,-20,0
713,145,800,360,-20,0
713,145,780,360,-20,0
713,145,760,360,-20,0
713,145,740,360,-20,0
713,145,720,360,0,-20
713,145,720,340,0,-20
713,145,720,320,0,-20
713,145,720,300,0,-20
713,145,720,280,0,-20
713,145,720,260,0,-20
713,145,720,240,0,-20
713,145,720,220,0,-20
713,145,720,200,0,-20
713,145,720,180,0,-20
713,145,720,160,-20,0
713,145,700,160,0,-20
285,383,700,140,20,0
285,383,720,140,20,0
285,383,740,140,20,0
285,383,760,140,20,0
285,383,780,140,20,0
285,383,800,140,20,0
285,383,0,140,20,0
285,383,20,140,20,0
285,383,40,140,20,0
285,383,60,140,20,0
285,383,80,140,20,0
285,383,100,140,20,0
285,383,120,140,20,0
285,383,140,140,20,0
285,383,160,140,20,0
285,383,180,140,20,0
285,383,200,140,20,0
285,383,220,140,20,0
285,383,240,140,20,0
285,383,260,140,20,0
285,383,280,140,0,20
285,383,280,160,0,20
285,383,280,180,0,20
285,383,280,200,0,20
285,383,280,220,0,20
285,383,280,240,0,20
285,383,280,260,0,20
285,383,280,280,0,20
285,383,280,300,0,20
285,383,280,320,0,20
285,383,280,340,0,20
285,383,280,360,0,20
121,377,280,380,20,0
121,377,300,380,20,0
121,377,320,380,20,0
121,377,340,380,20,0
121,377,360,380,20,0
121,377,380,380,20,0
121,377,400,380,20,0
121,377,420,380,20,0
121,377,440,380,20,0
121,377,460,380,20,0
121,377,480,380,20,0
121,377,500,380,20,0
121,377,520,380,20,0
121,377,540,380,20,0
121,377,560,380,20,0
121,377,580,380,20,0
121,377,600,380,20,0
121,377,620,380,20,0
121,377,640,380,20,0
121,377,660,380,20,0
121,377,680,380,20,0
121,377,700,380,20,0
121,377,720,380,20,0
121,377,740,380,20,0
121,377,760,380,20,0
121,377,780,380,20,0
121,377,800,380,20,0
121,377,0,380,20,0
121,377,20,380,20,0
121,377,40,380,20,0
121,377,60,380,20,0
121,377,80,380,20,0
121,377,100,380,20,0
689,271,120,380,0,-20
689,271,120,360,0,-20
689,271,120,340,0,-20
689,271,120,320,0,-20
689,271,120,300,0,-20
689,271,120,280,20,0
689,271,140,280,20,0
689,271,160,280,20,0
689,271,180,280,20,0
689,271,200,280,20,0
689,271,220,280,20,0
689,271,240,280,20,0
689,271,260,280,20,0
689,271,280,280,20,0
689,271,300,280,20,0
689,271,320,280,20,0
689,271,340,280,20,0
689,271,360,280,20,0
689,271,380,280,20,0
689,271,400,280,20,0
689,271,420,280,20,0
689,271,440,280,20,0
689,271,460,280,20,0
689,271,480,280,20,0
689,271,500,280,20,0
689,271,520,280,20,0
689,271,540,280,20,0
689,271,560,280,20,0
689,271,580,280,20,0
689,271,600,280,20,0
689,271,620,280,20,0
689,271,640,280,20,0
689,271,660,280,20,0
34,507,680,280,0,-20
34,507,680,260,0,-20
34,507,680,240,0,-20
34,507,680,220,0,-20
34,507,680,200,0,-20
34,507,680,180,0,-20
34,507,680,160,0,-20
34,507,680,140,0,-20
34,507,680,120,0,-20
34,507,680,100,0,-20
34,507,680,80,0,-20
34,507,680,60,0,-20
34,507,680,40,0,-20
34,507,680,20,0,-20
34,507,680,0,0,-20
34,507,680,600,0,-20
34,507,680,580,0,-20
34,507,680,560,0,-20
34,507,680,540,0,-20
34,507,680,520,-20,0
34,507,660,520,-20,0
34,507,640,520,-20,0
34,507,620,520,-20,0
34,507,600,520,-20,0
34,507,580,520,-20,0
34,507,560,520,-20,0
34,507,540,520,-20,0
34,507,520,520,-20,0
34,507,500,520,-20,0
34,507,480,520,-20,0
34,507,460,520,-20,0
34,507,440,520,-20,0
34,507,420,520,-20,0
34,507,400,520,-20,0
34,507,380,520,-20,0
34,507,360,520,-20,0
34,507,340,520,-20,0
34,507,320,520,-20,0
34,507,300,520,-20,0
34,507,280,520,-20,0
34,507,260,520,-20,0
34,507,240,520,-20,0
34,507,220,520,-20,0
34,507,200,520,-20,0
34,507,180,520,-20,0
34,507,160,520,-20,0
34,507,140,520,-20,0
34,507,120,520,-20,0
34,507,100,520,-20,0
34,507,80,520,-20,0
34,507,60,520,-20,0
749,468,40,520,0,-20
749,468,40,500,0,-20
749,468,40,480,20,0
749,468,60,480,20,0
749,468,80,480,20,0
749,468,100,480,20,0
749,468,120,480,20,0
749,468,140,480,20,0
749,468,160,480,20,0
749,468,180,480,20,0
749,468,200,480,20,0
749,468,220,480,20,0
749,468,240,480,20,0
749,468,260,480,20,0
749,468,280,480,20,0
749,468,300,480,20,0
749,468,320,480,20,0
749,468,340,480,20,0
749,468,360,480,20,0
749,468,380,480,20,0
749,468,400,480,20,0
749,468,420,480,20,0
749,468,440,480,20,0
749,468,460,480,20,0
749,468,480,480,20,0
749,468,500,480,20,0
749,468,520,480,20,0
749,468,540,480,20,0
749,468,560,480,20,0
749,468,580,480,20,0
749,468,600,480,20,0
749,468,620,480,20,0
749,468,640,480,20,0
749,468,660,480,20,0
749,468,680,480,20,0
749,468,700,480,20,0
749,468,720,480,20,0
201,271,740,480,0,-20
201,271,740,460,0,-20
201,271,740,440,0,-20
201,271,740,420,0,-20
201,271,740,400,0,-20
201,271,740,380,0,-20
201,271,740,360,0,-20
201,271,740,340,0,-20
201,271,740,320,0,-20
201,271,740,300,0,-20
201,271,740,280,-20,0
201,271,720,280,-20,0
201,271,700,280,-20,0
201,271,680,280,-20,0
201,271,660,280,-20,0
201,271,640,280,-20,0
201,271,620,280,-20,0
201,271,600,280,-20,0
201,271,580,280,-20,0
201,271,560,280,-20,0
201,271,540,280,-20,0
201,271,520,280,-20,0
201,271,500,280,-20,0
201,271,480,280,-20,0
201,271,460,280,-20,0
201,271,440,280,-20,0
201,271,420,280,-20,0
201,271,400,280,-20,0
201,271,380,280,-20,0
201,271,360,280,-20,0
201,271,340,280,-20,0
201,271,320,280,-20,0
201,271,300,280,-20,0
201,271,280,280,-20,0
201,271,260,280,-20,0
201,271,240,280,-20,0
201,271,220,280,-20,0
468,566,200,280,0,-20
468,566,200,260,0,-20
468,566,200,240,0,-20
468,566,200,220,0,-20
468,566,200,200,0,-20
468,566,200,180,0,-20
468,566,200,160,0,-20
468,566,200,140,0,-20
468,566,200,120,0,-20
468,566,200,100,0,-20
468,566,200,80,0,-20
468,566,200,60,0,-20
468,566,200,40,0,-20
468,566,200,20,0,-20
468,566,200,0,0,-20
468,566,200,600,0,-20
468,566,200,580,20,0
468,566,220,580,20,0
468,566,240,580,20,0
468,566,260,580,20,0
468,566,280,580,20,0
468,566,300,580,20,0
468,566,320,580,20,0
468,566,340,580,20,0
468,566,360,580,20,0
468,566,380,580,20,0
468,566,400,580,20,0
468,566,420,580,20,0
468,566,440,580,20,0
468,566,460,580,0,-20
715,394,460,560,20,0
715,394,480,560,20,0
715,394,500,560,20,0
715,394,520,560,20,0
715,394,540,560,20,0
715,394,560,560,20,0
715,394,580,560,20,0
715,394,600,560,20,0
715,394,620,560,20,0
715,394,640,560,20,0
715,394,660,560,20,0
715,394,680,560,20,0
715,394,700,560,0,-20
715,394,700,540,0,-20
715,394,700,520,0,-20
715,394,700,500,0,-20
715,394,700,480,0,-20
715,394,700,460,0,-20
715,394,700,440,0,-20
715,394,700,420,0,-20
715,394,700,400,20,0
379,405,720,400,0,-20
379,405,720,380,0,-20
379,405,720,360,0,-20
379,405,720,340,0,-20
379,405,720,320,0,-20
379,405,720,300,0,-20
379,405,720,280,0,-20
379,405,720,260,0,-20
379,405,720,240,0,-20
379,405,720,220,0,-20
379,405,720,200,0,-20
379,405,720,180,0,-20
379,405,720,160,0,-20
379,405,720,140,0,-20
379,405,720,120,0,-20
379,405,720,100,0,-20
379,405,720,80,0,-20
379,405,720,60,0,-20
379,405,720,40,0,-20
379,405,720,20,0,-20
379,405,720,0,0,-20
379,405,720,600,0,-20
379,405,720,580,0,-20
379,405,720,560,0,-20
379,405,720,540,0,-20
379,405,720,520,0,-20
379,405,720,500,0,-20
379,405,720,480,0,-20
379,405,720,460,0,-20
379,405,720,440,0,-20
379,405,720,420,-20,0
379,405,700,420,-20,0
379,405,680,420,-20,0
379,405,660,420,-20,0
379,405,640,420,-20,0
379,405,620,420,-20,0
379,405,600,420,-20,0
379,405,580,420,-20,0
379,405,560,420,-20,0
379,405,540,420,-20,0
379,405,520,420,-20,0
379,405,500,420,-20,0
379,405,480,420,-20,0
379,405,460,420,-20,0
379,405,440,420,-20,0
379,405,420,420,-20,0
379,405,400,420,-20,0
379,405,380,420,0,-20
738,595,380,400,-20,0
738,595,360,400,-20,0
738,595,340,400,-20,0
738,595,320,400,-20,0
738,595,300,400,-20,0
738,595,280,400,-20,0
738,595,260,400,-20,0
738,595,240,400,-20,0
738,595,220,400,-20,0
738,595,200,400,-20,0
738,595,180,400,-20,0
738,595,160,400,-20,0
738,595,140,400,-20,0
738,595,120,400,-20,0
738,595,100,400,-20,0
738,595,80,400,-20,0
738,595,60,400,-20,0
738,595,40,400,-20,0
738,595,20,400,-20,0
738,595,0,400,-20,0
738,595,800,400,-20,0
738,595,780,400,-20,0
738,595,760,400,-20,0
738,595,740,400,0,20
738,595,740,420,0,20
738,595,740,440,0,20
738,595,740,460,0,20
738,595,740,480,0,20
738,595,740,500,0,20
738,595,740,520,0,20
738,595,740,540,0,20
738,595,740,560,0,20
738,595,740,580,-20,0
738,595,720,580,-20,0
738,595,700,580,-20,0
738,595,680,580,-20,0
738,595,660,580,-20,0
738,595,640,580,-20,0
738,595,620,580,-20,0
738,595,600,580,-20,0
738,595,580,580,-20,0
738,595,560,580,-20,0
738,595,540,580,-20,0
738,595,520,580,-20,0
738,595,500,580,-20,0
738,595,480,580,-20,0
738,595,460,580,-20,0
738,595,440,580,-20,0
738,595,420,580,-20,0
738,595,400,580,-20,0
738,595,380,580,-20,0
738,595,360,580,-20,0
738,595,340,580,-20,0
738,595,320,580,-20,0
738,595,300,580,-20,0
738,595,280,580,-20,0
738,595,260,580,-20,0
738,595,240,580,-20,0
738,595,220,580,-20,0
738,595,200,580,-20,0
738,595,180,580,-20,0
738,595,160,580,-20,0
738,595,140,580,-20,0
738,595,120,580,-20,0
738,595,100,580,-20,0
738,595,80,580,-20,0
738,595,60,580,-20,0
738,595,40,580,-20,0
738,595,20,580,-20,0
738,595,0,580,-20,0
738,595,800,580,-20,0
738,595,780,580,-20,0
738,595,760,580,-20,0
738,595,740,580,0,20
196,253,740,600,-20,0
196,253,720,600,-20,0
196,253,700,600,-20,0
196,253,680,600,-20,0
196,253,660,600,-20,0
196,253,640,600,-20,0
196,253,620,600,-20,0
196,253,600,600,-20,0
196,253,580,600,-20,0
196,253,560,600,-20,0
196,253,540,600,-20,0
196,253,520,600,-20,0
196,253,500,600,-20,0
196,253,480,600,-20,0
196,253,460,600,-20,0
196,253,440,600,-20,0
196,253,420,600,-20,0
196,253,400,600,-20,0
196,253,380,600,-20,0
196,253,360,600,-20,0
196,253,340,600,-20,0
196,253,320,600,-20,0
196,253,300,600,-20,0
196,253,280,600,-20,0
196,253,260,600,-20,0
196,253,240,600,-20,0
196,253,220,600,-20,0
196,253,200,600,0,-20
196,253,200,580,0,-20
196,253,200,560,0,-20
196,253,200,540,0,-20
196,253,200,520,0,-20
196,253,200,500,0,-20
196,253,200,480,0,-20
196,253,200,460,0,-20
196,253,200,440,0,-20
196,253,200,420,0,-20
196,253,200,400,0,-20
196,253,200,380,0,-20
196,253,200,360,0,-20
196,253,200,340,0,-20
196,253,200,320,0,-20
196,253,200,300,0,-20
196,253,200,280,0,-20
19,415,200,260,-20,0
19,415,180,260,-20,0
19,415,160,260,-20,0
19,415,140,260,-20,0
19,415,120,260,-20,0
19,415,100,260,-20,0
19,415,80,260,-20,0
19,415,60,260,-20,0
19,415,40,260,-20,0
19,415,20,260,0,20
19,415,20,280,0,20
19,415,20,300,0,20
19,415,20,320,0,20
19,415,20,340,0,20
19,415,20,360,0,20
19,415,20,380,0,20
19,415,20,400,-20,0
19,415,0,400,-20,0
19,415,800,400,-20,0
19,415,780,400,-20,0
19,415,760,400,-20,0
19,415,740,400,-20,0
19,415,720,400,-20,0
19,415,700,400,-20,0
19,415,680,400,-20,0
19,415,660,400,-20,0
19,415,640,400,-20,0
19,415,620,400,-20,0
19,415,600,400,-20,0
19,415,580,400,-20,0
19,415,560,400,-20,0
19,415,540,400,-20,0
19,415,520,400,-20,0
19,415,500,400,-20,0
19,415,480,400,-20,0
19,415,460,400,-20,0
19,415,440,400,-20,0
19,415,420,400,-20,0
19,415,400,400,-20,0
19,415,380,400,-20,0
19,415,360,400,-20,0
19,415,340,400,-20,0
19,415,320,400,-20,0
19,415,300,400,-20,0
19,415,280,400,-20,0
19,415,260,400,-20,0
19,415,240,400,-20,0
19,415,220,400,-20,0
19,415,200,400,-20,0
19,415,180,400,-20,0
19,415,160,400,-20,0
19,415,140,400,-20,0
19,415,120,400,-20,0
19,415,100,400,-20,0
19,415,80,400,-20,0
19,415,60,400,-20,0
19,415,40,400,-20,0
19,415,20,400,0,20
471,527,20,420,-20,0
471,527,0,420,-20,0
471,527,800,420,-20,0
471,527,780,420,-20,0
471,527,760,420,-20,0
471,527,740,420,-20,0
471,527,720,420,-20,0
471,527,700,420,-20,0
471,527,680,420,-20,0
471,527,660,420,-20,0
471,527,640,420,-20,0
471,527,620,420,-20,0
471,527,600,420,-20,0
471,527,580,420,-20,0
471,527,560,420,-20,0
471,527,540,420,-20,0
471,527,520,420,-20,0
471,527,500,420,-20,0
471,527,480,420,0,20
471,527,480,440,0,20
471,527,480,460,0,20
471,527,480,480,0,20
471,527,480,500,0,20
521,259,480,520,-20,0
521,259,460,520,-20,0
521,259,440,520,-20,0
521,259,420,520,-20,0
521,259,400,520,-20,0
521,259,380,520,-20,0
521,259,360,520,-20,0
521,259,340,520,-20,0
521,259,320,520,-20,0
521,259,300,520,-20,0
521,259,280,520,-20,0
521,259,260,520,-20,0
521,259,240,520,-20,0
521,259,220,520,-20,0
521,259,200,520,-20,0
521,259,180,520,-20,0
521,259,160,520,-20,0
521,259,140,520,-20,0
521,259,120,520,-20,0
521,259,100,520,-20,0
521,259,80,520,-20,0
521,259,60,520,-20,0
521,259,40,520,-20,0
521,259,20,520,-20,0
521,259,0,520,-20,0
521,259,800,520,-20,0
521,259,780,520,-20,0
521,259,760,520,-20,0
521,259,740,520,-20,0
521,259,720,520,-20,0
521,259,700,520,-20,0
521,259,680,520,-20,0
521,259,660,520,-20,0
521,259,640,520,-20,0
521,259,620,520,-20,0
521,259,600,520,-20,0
521,259,580,520,-20,0
521,259,560,520,-20,0
521,259,540,520,-20,0
521,259,520,520,0,-20
521,259,520,500,0,-20
521,259,520,480,0,-20
521,259,520,460,0,-20
521,259,520,440,0,-20
521,259,520,420,0,-20
521,259,520,400,0,-20
521,259,520,380,0,-20
521,259,520,360,0,-20
521,259,520,340,0,-20
521,259,520,320,0,-20
521,259,520,300,0,-20
521,259,520,280,0,-20
161,535,520,260,20,0
161,535,540,260,20,0
161,535,560,260,20,0
161,535,580,260,20,0
161,535,600,260,20,0
161,535,620,260,20,0
161,535,640,260,20,0
161,535,660,260,20,0
161,535,680,260,20,0
161,535,700,260,20,0
161,535,720,260,20,0
161,535,740,260,20,0
161,535,760,260,20,0
161,535,780,260,20,0
161,535,800,260,20,0
161,535,0,260,20,0
161,535,20,260,20,0
161,535,40,260,20,0
161,535,60,260,20,0
161,535,80,260,20,0
161,535,100,260,20,0
161,535,120,260,20,0
161,535,140,260,20,0
161,535,160,260,0,20
161,535,160,280,0,20
161,535,160,300,0,20
161,535,160,320,0,20
161,535,160,340,0,20
161,535,160,360,0,20
161,535,160,380,0,20
161,535,160,400,0,20
161,535,160,420,0,20
161,535,160,440,0,20
161,535,160,460,0,20
161,535,160,480,0,20
161,535,160,500,0,20
161,535,160,520,20,0
161,535,180,520,20,0
161,535,200,520,20,0
161,535,220,520,20,0
161,535,240,520,20,0
161,535,260,520,20,0
161,535,280,520,20,0
161,535,300,520,20,0
161,535,320,520,20,0
161,535,340,520,20,0
161,535,360,520,20,0
161,535,380,520,20,0
161,535,400,520,20,0
161,535,420,520,20,0
161,535,440,520,20,0
161,535,460,520,20,0
161,535,480,520,20,0
161,535,500,520,20,0
161,535,520,520,20,0
161,535,540,520,20,0
161,535,560,520,20,0
161,535,580,520,20,0
161,535,600,520,20,0
161,535,620,520,20,0
161,535,640,520,20,0
161,535,660,520,20,0
161,535,680,520,20,0
161,535,700,520,20,0
161,535,720,520,20,0
161,535,740,520,20,0
161,535,760,520,20,0
161,535,780,520,20,0
161,535,800,520,20,0
161,535,0,520,20,0
161,535,20,520,20,0
161,535,40,520,20,0
161,535,60,520,20,0
161,535,80,520,20,0
161,535,100,520,20,0
161,535,120,520,20,0
161,535,140,520,20,0
161,535,160,520,0,20
552,28,160,540,20,0
552,28,180,540,20,0
552,28,200,540,20,0
552,28,220,540,20,0
552,28,240,540,20,0
552,28,260,540,20,0
552,28,280,540,20,0
552,28,300,540,20,0
552,28,320,540,20,0
552,28,340,540,20,0
552,28,360,540,20,0
552,28,380,540,20,0
552,28,400,540,20,0
552,28,420,540,20,0
552,28,440,540,20,0
552,28,460,540,20,0
552,28,480,540,20,0
552,28,500,540,20,0
552,28,520,540,20,0
552,28,540,540,0,-20
552,28,540,520,0,-20
552,28,540,500,0,-20
552,28,540,480,0,-20
552,28,540,460,0,-20
552,28,540,440,0,-20
552,28,540,420,0,-20
552,28,540,400,0,-20
552,28,540,380,0,-20
552,28,540,360,0,-20
552,28,540,340,0,-20
552,28,540,320,0,-20
552,28,540,300,0,-20
552,28,540,280,0,-20
552,28,540,260,0,-20
552,28,540,240,0,-20
552,28,540,220,0,-20
552,28,540,200,0,-20
552,28,540,180,0,-20
552,28,540,160,0,-20
552,28,540,140,0,-20
552,28,540,120,0,-20
552,28,540,100,0,-20
552,28,540,80,0,-20
552,28,540,60,0,-20
552,28,540,40,20,0
362,454,560,40,0,-20
362,454,560,20,0,-20
362,454,560,0,0,-20
362,454,560,600,0,-20
362,454,560,580,0,-20
362,454,560,560,0,-20
362,454,560,540,0,-20
362,454,560,520,0,-20
362,454,560,500,0,-20
362,454,560,480,0,-20
362,454,560,460,-20,0
362,454,540,460,-20,0
362,454,520,460,-20,0
362,454,500,460,-20,0
362,454,480,460,-20,0
362,454,460,460,-20,0
362,454,440,460,-20,0
362,454,420,460,-20,0
362,454,400,460,-20,0
362,454,380,460,-20,0
329,491,360,460,0,-20
329,491,360,440,0,-20
329,491,360,420,0,-20
329,491,360,400,0,-20
329,491,360,380,0,-20
329,491,360,360,0,-20
329,491,360,340,0,-20
329,491,360,320,0,-20
329,491,360,300,0,-20
329,491,360,280,0,-20
329,491,360,260,0,-20
329,491,360,240,0,-20
329,491,360,220,0,-20
329,491,360,200,0,-20
329,491,360,180,0,-20
329,491,360,160,0,-20
329,491,360,140,0,-20
329,491,360,120,0,-20
329,491,360,100,0,-20
329,491,360,80,0,-20
329,491,360,60,0,-20
329,491,360,40,0,-20
329,491,360,20,0,-20
329,491,360,0,0,-20
329,491,360,600,0,-20
329,491,360,580,0,-20
329,491,360,560,0,-20
329,491,360,540,0,-20
329,491,360,520,0,-20
329,491,360,500,-20,0
320,145,340,500,0,-20
320,145,340,480,0,-20
320,145,340,460,0,-20
320,145,340,440,0,-20
320,145,340,420,0,-20
320,145,340,400,0,-20
320,145,340,380,0,-20
320,145,340,360,0,-20
320,145,340,340,0,-20
320,145,340,320,0,-20
320,145,340,300,0,-20
320,145,340,280,0,-20
320,145,340,260,0,-20
320,145,340,240,0,-20
320,145,340,220,0,-20
320,145,340,200,0,-20
320,145,340,180,0,-20
320,145,340,160,-20,0
687,263,320,160,0,-20
687,263,320,140,0,-20
687,263,320,120,0,-20
687,263,320,100,0,-20
687,263,320,80,0,-20
687,263,320,60,0,-20
687,263,320,40,0,-20
687,263,320,20,0,-20
687,263,320,0,0,-20
687,263,320,600,0,-20
687,263,320,580,0,-20
687,263,320,560,0,-20
687,263,320,540,0,-20
687,263,320,520,0,-20
687,263,320,500,0,-20
687,263,320,480,0,-20
687,263,320,460,0,-20
687,263,320,440,0,-20
687,263,320,420,0,-20
687,263,320,400,0,-20
687,263,320,380,0,-20
687,263,320,360,0,-20
687,263,320,340,0,-20
687,263,320,320,0,-20
687,263,320,300,0,-20
687,263,320,280,0,-20
687,263,320,260,20,0
687,263,340,260,20,0
687,263,360,260,20,0
687,263,380,260,20,0
687,263,400,260,20,0
687,263,420,260,20,0
687,263,440,260,20,0
687,263,460,260,20,0
687,263,480,260,20,0
687,263,500,260,20,0
687,263,520,260,20,0
687,263,540,260,20,0
687,263,560,260,20,0
687,263,580,260,20,0
687,263,600,260,20,0
687,263,620,260,20,0
687,263,640,260,20,0
687,263,660,260,20,0
16,449,680,260,0,20
16,449,680,280,0,20
16,449,680,300,0,20
16,449,680,320,0,20
16,449,680,340,0,20
16,449,680,360,0,20
16,449,680,380,0,20
16,449,680,400,0,20
16,449,680,420,0,20
16,449,680,440,-20,0
16,449,660,440,-20,0
16,449,640,440,-20,0
16,449,620,440,-20,0
16,449,600,440,-20,0
16,449,580,440,-20,0
16,449,560,440,-20,0
16,449,540,440,-20,0
16,449,520,440,-20,0
16,449,500,440,-20,0
16,449,480,440,-20,0
16,449,460,440,-20,0
16,449,440,440,-20,0
16,449,420,440,-20,0
16,449,400,440,-20,0
16,449,380,440,-20,0
16,449,360,440,-20,0
16,449,340,440,-20,0
16,449,320,440,-20,0
16,449,300,440,-20,0
16,449,280,440,-20,0
16,449,260,440,-20,0
16,449,240,440,-20,0
16,449,220,440,-20,0
16,449,200,440,-20,0
16,449,180,440,-20,0
16,449,160,440,-20,0
16,449,140,440,-20,0
16,449,120,440,-20,0
16,449,100,440,-20,0
16,449,80,440,-20,0
16,449,60,440,-20,0
16,449,40,440,-20,0
642,161,20,440,0,20
642,161,20,460,0,20
642,161,20,480,0,20
642,161,20,500,0,20
642,161,20,520,0,20
642,161,20,540,0,20
642,161,20,560,0,20
642,161,20,580,0,20
642,161,20,600,0,20
642,161,20,620,0,20
642,161,20,640,0,20
642,161,20,660,0,20
642,161,20,680,0,20
642,161,20,700,0,20
642,161,20,720,0,20
642,161,20,740,0,20
642,161,20,760,0,20
642,161,20,780,0,20
642,161,20,800,0,20
642,161,20,0,0,20
642,161,20,20,0,20
642,161,20,40,0,20
642,161,20,60,0,20
642,161,20,80,0,20
642,161,20,100,0,20
642,161,20,120,0,20
642,161,20,140,0,20
642,161,20,160,20,0
642,161,40,160,20,0
642,161,60,160,20,0
642,161,80,160,20,0
642,161,100,160,20,0
642,161,120,160,20,0
642,161,140,160,20,0
642,161,160,160,20,0
642,161,180,160,20,0
642,161,200,160,20,0
642,161,220,160,20,0
642,161,240,160,20,0
642,161,260,160,20,0
642,161,280,160,20,0
642,161,300,160,20,0
642,161,320,160,20,0
642,161,340,160,20,0
642,161,360,160,20,0
642,161,380,160,20,0
642,161,400,160,20,0
642,161,420,160,20,0
642,161,440,160,20,0
642,161,460,160,20,0
642,161,480,160,20,0
642,161,500,160,20,0
642,161,520,160,20,0
642,161,540,160,20,0
642,161,560,160,20,0
642,161,580,160,20,0
642,161,600,160,20,0
642,161,620,160,20,0
97,596,640,160,0,20
97,596,640,180,0,20
97,596,640,200,0,20
97,596,640,220,0,20
97,596,640,240,0,20
97,596,640,260,0,20
97,596,640,280,0,20
97,596,640,300,0,20
97,596,640,320,0,20
97,596,640,340,0,20
97,596,640,360,0,20
97,596,640,380,0,20
97,596,640,400,0,20
97,596,640,420,0,20
97,596,640,440,0,20
97,596,640,460,0,20
97,596,640,480,0,20
97,596,640,500,0,20
97,596,640,520,0,20
97,596,640,540,0,20
97,596,640,560,0,20
97,596,640,580,0,20
97,596,640,600,-20,0
97,596,620,600,-20,0
97,596,600,600,-20,0
97,596,580,600,-20,0
97,596,560,600,-20,0
97,596,540,600,-20,0
97,596,520,600,-20,0
97,596,500,600,-20,0
97,596,480,600,-20,0
97,596,460,600,-20,0
97,596,440,600,-20,0
97,596,420,600,-20,0
97,596,400,600,-20,0
97,596,380,600,-20,0
97,596,360,600,-20,0
97,596,340,600,-20,0
97,596,320,600,-20,0
97,596,300,600,-20,0
97,596,280,600,-20,0
97,596,260,600,-20,0
97,596,240,600,-20,0
97,596,220,600,-20,0
97,596,200,600,-20,0
97,596,180,600,-20,0
97,596,160,600,-20,0
97,596,140,600,-20,0
97,596,120,600,-20,0
424,243,100,600,0,-20
424,243,100,580,0,-20
424,243,100,560,0,-20
424,243,100,540,0,-20
424,243,100,520,0,-20
424,243,100,500,0,-20
424,243,100,480,0,-20
424,243,100,460,0,-20
424,243,100,440,0,-20
424,243,100,420,0,-20
424,243,100,400,0,-20
424,243,100,380,0,-20
424,243,100,360,0,-20
424,243,100,340,0,-20
424,243,100,320,0,-20
424,243,100,300,0,-20
424,243,100,280,0,-20
424,243,100,260,0,-20
424,243,100,240,20,0
424,243,120,240,20,0
424,243,140,240,20,0
424,243,160,240,20,0
424,243,180,240,20,0
424,243,200,240,20,0
424,243,220,240,20,0
424,243,240,240,20,0
424,243,260,240,20,0
424,243,280,240,20,0
424,243,300,240,20,0
424,243,320,240,20,0
424,243,340,240,20,0
424,243,360,240,20,0
424,243,380,240,20,0
424,243,400,240,20,0
20,546,420,240,0,20
20,546,420,260,0,20
20,546,420,280,0,20
20,546,420,300,0,20
20,546,420,320,0,20
20,546,420,340,0,20
20,546,420,360,0,20
20,546,420,380,0,20
20,546,420,400,0,20
20,546,420,420,0,20
20,546,420,440,0,20
20,546,420,460,0,20
20,546,420,480,0,20
20,546,420,500,0,20
20,546,420,520,0,20
20,546,420,540,-20,0
20,546,400,540,-20,0
20,546,380,540,-20,0
20,546,360,540,-20,0
20,546,340,540,-20,0
20,546,320,540,-20,0
20,546,300,540,-20,0
20,546,280,540,-20,0
20,546,260,540,-20,0
20,546,240,540,-20,0
20,546,220,540,-20,0
20,546,200,540,-20,0
20,546,180,540,-20,0
20,546,160,540,-20,0
20,546,140,540,-20,0
20,546,120,540,-20,0
20,546,100,540,-20,0
20,546,80,540,-20,0
20,546,60,540,-20,0
20,546,40,540,-20,0
247,264,20,540,0,20
247,264,20,560,0,20
247,264,20,580,0,20
247,264,20,600,0,20
247,264,20,620,0,20
247,264,20,640,0,20
247,264,20,660,0,20
247,264,20,680,0,20
247,264,20,700,0,20
247,264,20,720,0,20
247,264,20,740,0,20
247,264,20,760,0,20
247,264,20,780,0,20
247,264,20,800,0,20
247,264,20,0,0,20
247,264,20,20,0,20
247,264,20,40,0,20
247,264,20,60,0,20
247,264,20,80,0,20
247,264,20,100,0,20
247,264,20,120,0,20
247,264,20,140,0,20
247,264,20,160,0,20
247,264,20,180,0,20
247,264,20,200,0,20
247,264,20,220,0,20
247,264,20,240,0,20
247,264,20,260,20,0
247,264,40,260,20,0
247,264,60,260,20,0
247,264,80,260,20,0
247,264,100,260,20,0
247,264,120,260,20,0
247,264,140,260,20,0
247,264,160,260,20,0
247,264,180,260,20,0
247,264,200,260,20,0
247,264,220,260,20,0
225,306,240,260,0,20
225,306,240,280,0,20
225,306,240,300,-20,0
509,88,220,300,0,20
509,88,220,320,0,20
509,88,220,340,0,20
509,88,220,360,0,20
509,88,220,380,0,20
509,88,220,400,0,20
509,88,220,420,0,20
509,88,220,440,0,20
509,88,220,460,0,20
509,88,220,480,0,20
509,88,220,500,0,20
509,88,220,520,0,20
509,88,220,540,0,20
509,88,220,560,0,20
509,88,220,580,0,20
509,88,220,600,0,20
509,88,220,620,0,20
509,88,220,640,0,20
509,88,220,660,0,20
509,88,220,680,0,20
509,88,220,700,0,20
509,88,220,720,0,20
509,88,220,740,0,20
509,88,220,760,0,20
509,88,220,780,0,20
509,88,220,800,0,20
509,88,220,0,0,20
509,88,220,20,0,20
509,88,220,40,0,20
509,88,220,60,0,20
509,88,220,80,20,0
509,88,240,80,20,0
509,88,260,80,20,0
509,88,280,80,20,0
509,88,300,80,20,0
509,88,320,80,20,0
509,88,340,80,20,0
509,88,360,80,20,0
509,88,380,80,20,0
509,88,400,80,20,0
509,88,420,80,20,0
509,88,440,80,20,0
509,88,460,80,20,0
509,88,480,80,20,0
202,30,500,80,0,20
202,30,500,100,0,20
202,30,500,120,0,20
202,30,500,140,0,20
202,30,500,160,0,20
202,30,500,180,0,20
202,30,500,200,0,20
202,30,500,220,0,20
202,30,500,240,0,20
202,30,500,260,0,20
202,30,500,280,0,20
202,30,500,300,0,20
202,30,500,320,0,20
202,30,500,340,0,20
202,30,500,360,0,20
202,30,500,380,0,20
202,30,500,400,0,20
202,30,500,420,0,20
202,30,500,440,0,20
202,30,500,460,0,20
202,30,500,480,0,20
202,30,500,500,0,20
202,30,500,520,0,20
202,30,500,540,0,20
202,30,500,560,0,20
202,30,500,580,0,20
202,30,500,600,0,20
202,30,500,620,0,20
202,30,500,640,0,20
202,30,500,660,0,20
202,30,500,680,0,20
202,30,500,700,0,20
202,30,500,720,0,20
202,30,500,740,0,20
202,30,500,760,0,20
202,30,500,780,0,20
202,30,500,800,0,20
202,30,500,0,0,20
202,30,500,20,-20,0
202,30,480,20,-20,0
202,30,460,20,-20,0
202,30,440,20,-20,0
202,30,420,20,-20,0
202,30,400,20,-20,0
202,30,380,20,-20,0
202,30,360,20,-20,0
202,30,340,20,-20,0
202,30,320,20,-20,0
202,30,300,20,-20,0
202,30,280,20,-20,0
202,30,260,20,-20,0
202,30,240,20,-20,0
202,30,220,20,-20,0
728,482,200,20,0,20
728,482,200,40,0,20
728,482,200,60,0,20
728,482,200,80,0,20
728,482,200,100,0,20
728,482,200,120,0,20
728,482,200,140,0,20
728,482,200,160,0,20
728,482,200,180,0,20
728,482,200,200,0,20
728,482,200,220,0,20
728,482,200,240,0,20
728,482,200,260,0,20
728,482,200,280,0,20
728,482,200,300,0,20
728,482,200,320,0,20
728,482,200,340,0,20
728,482,200,360,0,20
728,482,200,380,0,20
728,482,200,400,0,20
728,482,200,420,0,20
728,482,200,440,0,20
728,482,200,460,0,20
728,482,200,480,20,0
728,482,220,480,20,0
728,482,240,480,20,0
728,482,260,480,20,0
728,482,280,480,20,0
728,482,300,480,20,0
728,482,320,480,20,0
728,482,340,480,20,0
728,482,360,480,20,0
728,482,380,480,20,0
728,482,400,480,20,0
728,482,420,480,20,0
728,482,440,480,20,0
728,482,460,480,20,0
728,482,480,480,20,0
728,482,500,480,20,0
728,482,520,480,20,0
728,482,540,480,20,0
728,482,560,480,20,0
728,482,580,480,20,0
728,482,600,480,20,0
728,482,620,480,20,0
728,482,640,480,20,0
728,482,660,480,20,0
728,482,680,480,20,0
728,482,700,480,20,0
473,593,720,480,0,20
473,593,720,500,0,20
473,593,720,520,0,20
473,593,720,540,0,20
473,593,720,560,0,20
473,593,720,580,-20,0
473,593,700,580,-20,0
473,593,680,580,-20,0
473,593,660,580,-20,0
473,593,640,580,-20,0
473,593,620,580,-20,0
473,593,600,580,-20,0
473,593,580,580,-20,0
473,593,560,580,-20,0
473,593,540,580,-20,0
